image: empty_ICEE_ST.pgm.pgm
resolution: 0.025000
origin: [-0.479686, -2.336324, 0.000000]
negate: 0
occupied_thresh: 0.65
free_thresh: 0.196

