image: empty.pgm.pgm
resolution: 0.025000
origin: [-0.757178, -1.995988, 0.000000]
negate: 0
occupied_thresh: 0.65
free_thresh: 0.196

