image: lab_icee_st.pgm.pgm
resolution: 0.025000
origin: [-0.738257, -6.480171, 0.000000]
negate: 0
occupied_thresh: 0.65
free_thresh: 0.196

